Results for sorting 20 elements.

everything should be in order.
============================================

Sort of InOrder data with Selection sort
171625728
415478059
419920316
435990510
448840387
836983365
993667648
1229110285
1279367402
1286316285
1291474825
1384921241
1559740921
1627820435
1668277569
1690016096
1719323792
1786627334
2056298956
2072311124

Sort of InOrder data with Insertion sort
171625728
415478059
419920316
435990510
448840387
836983365
993667648
1229110285
1279367402
1286316285
1291474825
1384921241
1559740921
1627820435
1668277569
1690016096
1719323792
1786627334
2056298956
2072311124

Sort of InOrder data with Merge sort
171625728
415478059
419920316
435990510
448840387
836983365
993667648
1229110285
1279367402
1286316285
1291474825
1384921241
1559740921
1627820435
1668277569
1690016096
1719323792
1786627334
2056298956
2072311124

Sort of InOrder data with Quick sort
171625728
415478059
419920316
435990510
448840387
836983365
993667648
1229110285
1279367402
1286316285
1291474825
1384921241
1559740921
1627820435
1668277569
1690016096
1719323792
1786627334
2056298956
2072311124

Sort of InOrder data with Heap sort
171625728
415478059
419920316
435990510
448840387
836983365
993667648
1229110285
1279367402
1286316285
1291474825
1384921241
1559740921
1627820435
1668277569
1690016096
1719323792
1786627334
2056298956
2072311124

Sort of InOrder data with Radix sort
171625728
415478059
419920316
435990510
448840387
836983365
993667648
1229110285
1279367402
1286316285
1291474825
1384921241
1559740921
1627820435
1668277569
1690016096
1719323792
1786627334
2056298956
2072311124

Sort of ReverseOrder data with Selection sort
171625728
415478059
419920316
435990510
448840387
836983365
993667648
1229110285
1279367402
1286316285
1291474825
1384921241
1559740921
1627820435
1668277569
1690016096
1719323792
1786627334
2056298956
2072311124

Sort of ReverseOrder data with Insertion sort
171625728
415478059
419920316
435990510
448840387
836983365
993667648
1229110285
1279367402
1286316285
1291474825
1384921241
1559740921
1627820435
1668277569
1690016096
1719323792
1786627334
2056298956
2072311124

Sort of ReverseOrder data with Merge sort
171625728
415478059
419920316
435990510
448840387
836983365
993667648
1229110285
1279367402
1286316285
1291474825
1384921241
1559740921
1627820435
1668277569
1690016096
1719323792
1786627334
2056298956
2072311124

Sort of ReverseOrder data with Quick sort
171625728
415478059
419920316
435990510
448840387
836983365
993667648
1229110285
1279367402
1286316285
1291474825
1384921241
1559740921
1627820435
1668277569
1690016096
1719323792
1786627334
2056298956
2072311124

Sort of ReverseOrder data with Heap sort
171625728
415478059
419920316
435990510
448840387
836983365
993667648
1229110285
1279367402
1286316285
1291474825
1384921241
1559740921
1627820435
1668277569
1690016096
1719323792
1786627334
2056298956
2072311124

Sort of ReverseOrder data with Radix sort
171625728
415478059
419920316
435990510
448840387
836983365
993667648
1229110285
1279367402
1286316285
1291474825
1384921241
1559740921
1627820435
1668277569
1690016096
1719323792
1786627334
2056298956
2072311124

Sort of AlmostOrder data with Selection sort
171625728
415478059
419920316
435990510
448840387
836983365
993667648
1229110285
1279367402
1286316285
1291474825
1384921241
1559740921
1627820435
1668277569
1690016096
1719323792
1786627334
2056298956
2072311124

Sort of AlmostOrder data with Insertion sort
171625728
415478059
419920316
435990510
448840387
836983365
993667648
1229110285
1279367402
1286316285
1291474825
1384921241
1559740921
1627820435
1668277569
1690016096
1719323792
1786627334
2056298956
2072311124

Sort of AlmostOrder data with Merge sort
171625728
415478059
419920316
435990510
448840387
836983365
993667648
1229110285
1279367402
1286316285
1291474825
1384921241
1559740921
1627820435
1668277569
1690016096
1719323792
1786627334
2056298956
2072311124

Sort of AlmostOrder data with Quick sort
171625728
415478059
419920316
435990510
448840387
836983365
993667648
1229110285
1279367402
1286316285
1291474825
1384921241
1559740921
1627820435
1668277569
1690016096
1719323792
1786627334
2056298956
2072311124

Sort of AlmostOrder data with Heap sort
171625728
415478059
419920316
435990510
448840387
836983365
993667648
1229110285
1279367402
1286316285
1291474825
1384921241
1559740921
1627820435
1668277569
1690016096
1719323792
1786627334
2056298956
2072311124

Sort of AlmostOrder data with Radix sort
171625728
415478059
419920316
435990510
448840387
836983365
993667648
1229110285
1279367402
1286316285
1291474825
1384921241
1559740921
1627820435
1668277569
1690016096
1719323792
1786627334
2056298956
2072311124

Sort of Random data with Selection sort
171625728
415478059
419920316
435990510
448840387
836983365
993667648
1229110285
1279367402
1286316285
1291474825
1384921241
1559740921
1627820435
1668277569
1690016096
1719323792
1786627334
2056298956
2072311124

Sort of Random data with Insertion sort
171625728
415478059
419920316
435990510
448840387
836983365
993667648
1229110285
1279367402
1286316285
1291474825
1384921241
1559740921
1627820435
1668277569
1690016096
1719323792
1786627334
2056298956
2072311124

Sort of Random data with Merge sort
171625728
415478059
419920316
435990510
448840387
836983365
993667648
1229110285
1279367402
1286316285
1291474825
1384921241
1559740921
1627820435
1668277569
1690016096
1719323792
1786627334
2056298956
2072311124

Sort of Random data with Quick sort
171625728
415478059
419920316
435990510
448840387
836983365
993667648
1229110285
1279367402
1286316285
1291474825
1384921241
1559740921
1627820435
1668277569
1690016096
1719323792
1786627334
2056298956
2072311124

Sort of Random data with Heap sort
171625728
415478059
419920316
435990510
448840387
836983365
993667648
1229110285
1279367402
1286316285
1291474825
1384921241
1559740921
1627820435
1668277569
1690016096
1719323792
1786627334
2056298956
2072311124

Sort of Random data with Radix sort
171625728
415478059
419920316
435990510
448840387
836983365
993667648
1229110285
1279367402
1286316285
1291474825
1384921241
1559740921
1627820435
1668277569
1690016096
1719323792
1786627334
2056298956
2072311124